3D_2D_Matrix:
  dX: -0.34414713998681656
  dY: -0.0025749042964381963
  dZ: 3.4625934462071664
  f: 6.14568743345268
  gamma: 0.08970179842216824
  m_x: -1.47304576284828
  m_y: 1.4570053038410151
  r0: 0.0
  r1: 0.0
  r2: 0.0
  s: 0.007016458549049949
  u0: 3.470246769660967
  v0: 0.753684081821414
ROI_info:
  Distance_m: 1.02
  Distance_px: 302.48
