3D_2D_Matrix:
  dX: 5.311822204683754
  dY: 2.5161423931550586
  dZ: 8.740799121253707
  f: 8.238594523153829
  gamma: 4.849257074553801
  m_x: -3.1810629491633837
  m_y: 3.794461867622735
  r0: -17.982476826170203
  r1: 34.16467195784157
  r2: -2.9295224808031834
  s: 0.02481821625949983
  u0: 18.37938482822275
  v0: -8.028312878147162
ROI_info:
  Distance_m: 0.73
  Distance_px: 209.96
