3D_2D_Matrix:
  dX: 0.32333620942009
  dY: 0.3799201097981579
  dZ: 1.8899099733889877
  f: 7.435573994388406
  gamma: 17.578059070733605
  m_x: 8.979258187487293
  m_y: 3.1292287223440125
  r0: -4.660805079897937
  r1: 22.19499476366074
  r2: -16.476424028506383
  s: 0.02092766440818716
  u0: 193.6795263713977
  v0: -16.650898789535162
ROI_info:
  Distance_m: 0.51
  Distance_px: 149.88
