3D_2D_Matrix:
  dX: 3.4067872820580503
  dY: 3.865008330636609
  dZ: 1.8925581906004514
  f: 76.64770958377262
  gamma: 36.299848581936914
  m_x: -0.28154055960128915
  m_y: 0.2178084627684448
  r0: -70.94216229478103
  r1: 9.787625929109172
  r2: -3.1259857351951963
  s: 0.023047055844676482
  u0: 11.791482715406119
  v0: -24.38989240094093
ROI_info:
  Distance_m: 0.74
  Distance_px: 221.11
