3D_2D_Matrix:
  dX: -0.5216351622395307
  dY: 1.028982907875198
  dZ: 1.474716855520395
  f: 11.067502518367911
  gamma: 0.18020929418806805
  m_x: -1.5706163595776597
  m_y: 1.3818243147532219
  r0: -30.36994072026139
  r1: 13.793861462776832
  r2: -2.8466734750387257
  s: 0.013026078053919225
  u0: 0.4556134571288126
  v0: -7.1854491385399015
ROI_info:
  Distance_m: 0.87
  Distance_px: 257.7